11111111
11111111
11011111,11111111
11111111,11011111
11111111
10001111,11101111,10101111,11001111
10000111,11000111,11100111,10101111,11101111,10001111,11001111,10100111
01000111,11110010,10001110,11011010,01110000,11101110,01111011,10111111,11111001,00000000,10011010,01001111,10101111,10000011,10111100,10110000,00110111,00101001,01110011,11110111,01000001,11101000,11010000,11000011,00101101,01011100,00110101,01000000,11000000,11101100,10001001,10110010,10011001,11101011,11111101,11000001,11011001,11100110,00001011,00001100,10100110,01000011,11101001,00111010,10101011,10010000,01011011,00111111,00000111,01100110,00011100,10100100,11011110,11000111,01001000,00011011,00101011,00011101,11111010,01101110,10010111,01100100,11100011,00111000,00001010,10110110,01010011,01101100,01110001,10111000,11011111,10001100,11000101,00010010,01110111,11001110,10111110,10000100,01111100,11111100,01110100,01001110,00100100,00001001,11011100,01101001,00010111,01111101,00101100,00100101,11011101,10111010,00000011,10000110,11110110,11000110,11001100,01000100,00110110,00100001,01100111,01011000,01101011,01000110,01010001,10010110,11110001,00011111,10101100,10010100,00111011,10011101,00000010,00101000,00000001,01111001,10011100,01011001,00011010,00111110,00010011,10010011,01010101,11110100,00010100,10001010,00101110,01111111,01010100,11001111,10010101,01101010,01011111,11000010,11101010,11010100,11001101,01101000,10001101,00011001,10110111,11010010,11111000,01001101,11011011,01100000,11111111,10110100,01100001,01001010,10101001,10000000,10110101,00111101,01111000,00000110,11010110,10100001,11100001,00001000,00110100,01110010,00011110,11010011,00010101,10011111,11100111,10100101,01111010,10000101,10100111,01101111,10111101,10001011,00100011,11101111,01110101,00100111,10111001,01010111,11001011,11111011,10110001,00010001,00111001,10001000,01010000,11011000,10011110,01001011,00100000,10000001,11001001,10100011,11101101,00001111,00011000,11100010,00100010,11110000,11010001,00101111,10011011,00110001,00000100,00101010,11001010,11110011,10101010,01000101,00001101,10001111,10111011,01010110,01011101,01111110,01110110,10011000,10100000,01100101,00110011,00111100,11010111,00110000,10010001,01010010,01001001,11100100,10000111,01001100,11100101,00100110,10101000,00110010,11111110,01011010,10101101,01011110,11010101,01000010,11100000,10100010,11001000,00010110,00001110,01100010,10000010,01100011,00000101,00010000,11110101,01101101,10101110,10110011,10010010,11000100
10001111,11001111,11101111,10101111
11101111,11001111,10001111,10101111
10001111,11101111,11001111,10101111
0001
0011,0001
0111
0001
0001,0011
0111
0001
0001,0011
0111
1001,1101,1011,1111,0101,0011,0111,0001
0001
0001,0011
0111
0001,0011
1011,0011,1111,0001,0111
1001,1011,1101,0011,1111,0101,0001,0111
0001
0001,0011
0111
0011,0001
0001,0111,1111,1011,0011
0001,1101,0111,1111,1011,0011,1001,0101
0001
0011,0001
0111
0011,0001
0111,1111,0001,0011,1011
0111,1111,0001,1101,0011,0101,1001,1011
0001
0011,0001
0111
0001,0011
0111,0011,1011,1111,0001
0011,0111,1001,0101,1011,1111,0001,1101
0001
0001,0011
0111
0011,0001
1111,0011,0111,0001,1011
1111,0011,1001,0111,1101,0001,0101,1011
0001
0011,0001
0111
0001,0011
0001,0011,1111,0111,1011
0001,0011,0101,1111,1101,1001,0111,1011
0001
0001,0011
0111
0001,0011
1111,0001,1011,0111,0011
0101,1111,0001,1011,0111,1001,1101,0011
0001
0001,0011
0111
0001,0011
0111,0001,0011,1111,1011
1001,0111,0001,0011,1111,0101,1011,1101
0001
0001,0011
0111
0011,0001
0001,0111,0011,1011,1111
1001,1101,0001,0111,0011,1011,0101,1111
0001
0011,0001
0111
0001,0011
0111,0011,1011,0001,1111
0111,1101,0011,1011,0001,0101,1111,1001
0001
0001,0011
0111
0011,0001
0001,1111,1011,0011,0111
1101,1001,0001,1111,1011,0011,0101,0111
0001
0011,0001
0011,0001
0011,0111,1111,0001,1011
0011,0111,0101,1111,1101,1001,0001,1011
0001
0011,0001
0001,0011
1111,0001,0111,1011,0011
1111,0001,1001,0101,1101,0111,1011,0011
0001
0001,0011
0001,0011
0001,1111,1011,0011,0111
0001,1111,1001,1101,1011,0101,0011,0111
0001
0001,0011
0001,0011
1111,0111,0011,1011,0001
1111,1101,0111,0011,1011,0001,0101,1001
0001
0001,0011
0001,0011
1111,0001,0111,1011,0011
1111,1001,0101,1101,0001,0011,1011,0111
0001
0001,0011
0001,0011
1011,0001,1111,0111,0011
1101,1011,0101,0001,1001,1111,0111,0011
0001
0001,0011
0001
1011,1111,0001
1011,1111,0101,0001
0001
0001
0001
1011,1111,0001
1011,0101,1111,0001
0001
0001
0001
1111,0001,1011
1111,0001,1011,0101
0001
0001
0001
1011,0001
0101,1011,0001
0001
0001
0001
0001,1011
0001,0101,1011
0001
0001
0001
0001,1011
0001,1011,0101
0001
0001
0001
0001,1011
0001,0101,1011
0001
0001
0001
1011,0001
0101,1011,0001
0001
0001
0101
0101
0101
0101
0101
0101
0101
0101
0101
0101
0101
0101
0001
0001,1011
0101,1011,0001
0001
0001
0001
1011,0001
0101,1011,0001
0001
0001
0001
0001,1011
0001,1011,0101
0001
0001
0001
1011,0001
1011,0001,0101
0001
0001
0001
0001,1011
0001,0101,1011
0001
0001
0001
0001,1011
0001,0101,1011
0001
0001
0001
0001,1011
0101,0001,1011
0001
0001
0001
1011,0001
1011,0001,0101
0001
0001
0001
0001,1011
0001,1011,0101
0001
0001
0001
0001,1011
1011,0101,0001
0001
0001
0001
0001,1011
0001,0101,1011
0001
0001
0001
1011,0001
0101,1011,0001
0001
0001
0001
1011,0001
1011,0001,0101
0001
0001
0001
0001,1011
0001,1011,0101
0001
0001
0001
0001,1011
0001,0101,1011
0001
0001
0001
0001,1011
0101,0001,1011
0001
0001
0001
1011,0001
0101,1011,0001
0001
0001
0101
0101
0101
0101
0101
0101
0101
0101
0101
0101
0101
0101
0001
1011,0001
0101,1011,0001
0001
0001
0101
0101
0101
0001
1011,0001
0101,1011,0001
0001
0001
0101
0001
0001,1011
0001,1011,0101
0001
0001
0101
0001
1011,0001
0101,1011,0001
0001
0001
0101
0101
0101
0101
0101
0101
0101
0101
0101
0101
1011,0000,0101,0001,1010,0100
0000,0001,1011,1010,0101,0100
0101,1010,0100,0000,0001,1011
0000,0001,1011,0101,0100,1010
0001,1010,0000,1011,0101,0100
0000,1011,0101,0100,0001,1010
0001,0000,1010,1011,0101,0100
0001,0101,0000,1010,1011,0100
0100,1011,0000,1010,0001,0101
1010,0000,1011,0001,0100,0101
0000,0001,1010,0101,1011,0100
0001,1011,0100,0000,0101,1010
0000,0001,1011,0101,1010,0100
0000,1010,0100,1011,0001,0101
1010,0000,1011,0001,0100,0101
0001,0100,0101,1011,1010,0000
0000,0100,1010,0001,1011,0101
1010,0001,0101,1011,0100,0000
0101,1011,0000,0001,0100,1010
0001,0000,0100,0101,1011,1010
0000,0101,0001,0100,1010,1011
0100,0101,1011,1010,0001,0000
1010,0001,0101,1011,0100,0000
0000,0101,1010,0001,0100,1011
0001,0101,1011,0000,1010,0100
1011,0001,1010,0100,0000,0101
1010,1011,0000,0100,0101,0001
0000,1010,0101,0001,0100,1011
0001,0101,1011,1010,0100,0000
1010,0001,0101,0100,0000,1011
0000,1010,0101,0100,0001,1011
1010,1011,0000,0001,0101,0100
0000,0101,1010,0001,0100,1011
0001,0000,1011,0101,1010,0100
1011,1010,0000,0101,0100,0001
0001,0000,0101,0100,1011,1010
0001,0000,1011,0101,0100,1010
0001,0100,1010,0101,0000,1011
0101,0100,0001,0000,1010,1011
1011,0101,1010,0001,0000,0100
0000,1011,0100,1010,0001,0101
0001,0101,1010,1011,0100,0000
0001,1011,1010,0000,0101,0100
0101,1011,0100,1010,0001,0000
0000,0100,1011,0101,1010,0001
0000,0001,1010,1011,0101,0100
0000,1011,0101,0100,0001,1010
0101,0000,0100,0001,1010,1011
0000,1011,0001,1010,0101,0100
0101
0101
0101
0101
0000,0100,0001,0101,1010,1011
0101,1010,0000,0100,0001,1011
0100,0101,0001,1011,1010,0000
0101,0100,0001,0000,1010,1011
0101,1010,0001,0100,1011,0000
0100,0000,0101,1011,0001,1010
0000,0100,0001,0101,1011,1010
1010,0101,1011,0001,0000,0100
0001,1011,0101,1010,0100,0000
0101,1010,0001,0100,0000,1011
0101,0000,1011,1010,0001,0100
1010,0001,0100,1011,0000,0101
0101,0000,1010,0001,1011,0100
0100,1010,0001,0000,1011,0101
1011,0000,0100,1010,0001,0101
0001,1010,0100,0101,0000,1011
0101
0101
00011,10100,01010,10111,10101,00000,00010,00001,01000,10110
00011,10100,00001,10110,00000,10101,00010,01010,10111,01000
10111,01000,00001,10110,10100,10101,00000,00010,01010,00011
00011
10111,00011
00011,10111
00011
00011
00011
10111,00011
10111,00011
00011
00011
00011
00011,10111
00011,10111
00011
00011
00011
00011,10111
00011,10111
00011
00011
00011
00011,10111
00011,10111
00011
00011
00011
00011,10111
00011,10111
00011
00011
00011
10111,00011
10111,00011
00011
00011
00011
00011,10111
00011,10111
00011
00011
00011
00011,10111
00011,10111
00011
00011
00011
10111,00011
10111,00011
00011
00011
00011
10111,00011
10111,00011
00011
00011
00011
00011,10111
00011,10111
00011
00011
00011
00011,10111
00011,10111
00011
00011
00011
10111,00011
10111,00011
00011
00011
00011
10111,00011
10111,00011
00011
00011
01000
00011
00011,10111
00011,10111
00011
00011
01000
00011
10111,00011
10111,00011
00011
00011
01000
00011
00011,10111
00011,10111
00011
00011
01000
00011
00011,10111
00011,10111
00011
00011
01000
00011
10111,00011
10111,00011
00011
00011
01000
00011
00011,10111
00011,10111
00011
00011
01000
00011
00011,10111
00011,10111
00011
00011
01000
00011
10111,00011
10111,00011
00011
00011
01000
00011
10111,00011
10111,00011
00011
00011
01000
00011
00011,10111
00011,10111
00011
00011
01000
00011
10111,00011
00011,10111
00011
00011
01000
00011
00011,10111
00011,10111
00011
00011
01000
00011
00011,10111
00011,10111
00011
00011
01000
00011
10111,00011
10111,00011
00011
00011
01000
00011
00011,10111
00011,10111
00011
00011
01000
00011
10111,00011
10111,00011
00011
00011
01000
00011
10111,00011
10111,00011
00011
00011
01000
00011
10111,00011
10111,00011
00011
00011
01000
00011
00011,10111
00011,10111
00011
00011
01000
00011
00011,10111
00011,10111
00011
00011
01000
00011
10111,00011
00011,10111
00011
00011
01000
00011
10111,00011
10111,00011
00011
00011
01000
00011
00011,10111
00011,10111
00011
00011
01000
00011
10111,00011
10111,00011
00011
00011
01000
00011
10111,00011
10111,00011
00011
00011
01000
00011
00011,10111
00011,10111
00011
00011
01000
00011
00011,10111
00011,10111
00011
00011
01000
00011
00011,10111
00011,10111
00011
00011
01000
00011
00011,10111
00011,10111
00011
00011
01000
00011
10111,00011
10111,00011
00011
00011
01000
00011
00011,10111
00011,10111
00011
00011
01000,10110,10111,10100,00010,01010,00011,00001,00000,10101
00000,00001,10101,10100,00010,01010,00011,10111,01000,10110
01000,10101,10110,00010,00011,00001,10111,01010,00000,10100
10101,01010,00000,01000,00010,10100,00001,00011,10111,10110
10110,01010,00010,10100,00001,10111,00011,01000,00000,10101
10110
10111,00011
10110,10111
10111,10110
10110,10111
10111,10110
10111,10110
10111,10110
10110,10111
10110,10111
10110,10111
10111,10110
10111,10110
10110,10111
10111,10110
01010,10110,00011
10110,00011,01010
10110,01010,00011
10110,01010,00011
01010,00011,10110
00011,01110,10110,01010
01010,10110,01110,00011
01110,01010,10110
01010,10110,01110
10110,01110,01010
00011
00011
00011
00011
00011
00011
00011
00011
00011
00011
00011
00011
00011
00011
00011
00011
00011
00011
00011
00011
00011
00011
00011
00011
00011
00011
00011
00011
00011
00011
00011
00011
00011
00011
00011
00011
00011
011000,011001
011001,011010,011011,011000
0110001111,0110110111,0110011111,0110100111,0110101111,0110010111,0110000111,0110111111
0110111111,0110001111,0110000111,0110101111,0110100111,0110010111,0110110111,0110011111
0110000111
0110000111
0110000111,0110111111,0110101111,0110110111,0110010111,0110001111,0110100111,0110011111
0110100111,0110110111,0110000111,0110001111,0110101111,0110010111,0110111111,0110011111
0110011111,0110101011,0110110001,0110001011,0110011101,0110000101,0110101111,0110000111,0110000011,0110001101,0110100011,0110111011,0110011001,0110010111,0110001001,0110110011,0110011011,0110110111,0110010001,0110101101,0110000001,0110100111,0110100001,0110001111,0110100101,0110101001,0110010101,0110010011,0110111111,0110111001,0110110101,0110111101
0110111111
0110111111
0110111111
0110111111,0000111111
0000111111,0110111111
0000111111,0110111111
0110111111,0000111111
0110111111,0000111111
0110111111,0000111111
0000111111,0110111111
0000111111,0110111111
0110111111,0000111111
0000111111,0110111111
0000111111,0110111111
0000111111,0110111111
0000111111,0110111111
0000111111,0110111111
0000111111,0110111111
0110111111,0000111111
0000111111,0110111111
0110111111,0000111111
0110111111,0000111111
0110111111,0000111111
0000111111,0110111111
0000111111,0110111111
0000111111,0110111111
0110111111,0000111111
0110111111,0000111111
0000111111,0110111111
0000111111,0110111111
0110111111,0000111111
0110111111,0000111111
0000111111,0110111111
0110111111,0000111111
0110111111,0000111111
0110111111,0000111111
0000111111,0110111111
0000111111,0110111111
0110111111,0000111111
0000111111,0110111111
0110111111,0000111111
0110111111,0000111111
0110111111,0000111111
0000111111,0110111111
0000111111,0110111111
0110111111,0000111111
0000111111,0110111111
0000111111,0110111111
0110111111,0000111111
0000111111,0110111111
0110111111,0000111111
0110111111,0000111111
0110111111,0000111111
0110111111,0000111111
0110111111,0000111111
0110111111,0000111111
0000111111,0110111111
0110111111,0000111111
0000111111,0110111111
0110111111,0000111111
0110111111,0000111111
0000111111,0110111111
0110111111,0000111111
0000111111,0110111111
0000111111,0110111111
0000111111,0110111111
0110111111,0000111111
0000111111,0110111111
0110111111,0000111111
0000111111,0110111111
0110111111
0110111111
0110000111,0110111111,0110000000
0110000000,0110000111,0110111111
0110000111,0110000000,0110111111
0110111111
